x <- 1:400
y <- 2
